TIME(MS),COMMAND,VALUE
00000 ,1	,0
00000 ,2	,0
00000 ,3	,0
00000 ,4	,0
00000 ,5	,0
00000 ,6	,0
01016 ,4	,1
01519 ,3	,1
02139 ,2	,1
02786 ,4	,0
02786 ,3	,0
02786 ,2	,0
03069 ,5	,1
03109 ,5	,0
03301 ,4	,1
03341 ,4	,0
03562 ,3	,1
03602 ,3	,0
03906 ,2	,1
03946 ,2	,0
04068 ,1	,1
04108 ,1	,0
04383 ,5	,1
04383 ,4	,1
04687 ,3	,1
04687 ,2	,1
04804 ,1	,1
05000 ,6	,1
05413 ,5	,0
05413 ,4	,0
05413 ,3	,0
05413 ,2	,0
05413 ,1	,0
05464 ,5	,1
05464 ,1  	,1
06034 ,4	,1
06034 ,2	,1
06662 ,3	,1
06896 ,6	,1
07375 ,5	,0
07375 ,4	,0
07375 ,3	,0
07375 ,2	,0
07375 ,1	,0
07375 ,6	,0
07454 ,1	,1
07494 ,2	,1
07524 ,1	,0
07554 ,3	,1
07584 ,2	,0
07614 ,4	,1
07644 ,3	,0
07674 ,5	,1
07704 ,4	,0
07754 ,5	,0
07794 ,1	,1
07834 ,2	,1
07874 ,1	,0
07914 ,3	,1
07954 ,2	,0
08000 ,4	,1
08045 ,3	,0
08090 ,5	,1
08135 ,4	,0
08180 ,5	,0
08225 ,5	,1
08270 ,4	,1
08315 ,5	,0
08360 ,3	,1
08410 ,4	,0
08460 ,2	,1
08510 ,3	,0
08560 ,1	,1
08610 ,2	,0
08660 ,1	,0
08710 ,5	,1
08770 ,4	,1
08830 ,5	,0
08890 ,3	,1
08950 ,4	,0
09010 ,2	,1
09070 ,3	,0
09130 ,1	,1
09190 ,2	,0
09250 ,1  	,0
09300 ,5	,1
09300 ,1	,1
09360 ,4	,1
09360 ,2	,1
09420 ,5	,0
09420 ,1	,0
09480 ,4	,0
09480 ,2	,0
09540 ,3	,1
09600 ,3	,0
09600 ,3	,1
09650 ,4	,1
09650 ,2	,1
09700 ,3	,0
09750 ,5	,1
09750 ,1	,1
09800 ,4	,0
09800 ,2	,0
09850 ,4	,1
09850 ,2	,1
09900 ,3	,1
09950 ,5	,0
09950 ,1	,0
09950 ,4	,0
09950 ,2	,0
09950 ,3	,0
10000 ,6	,1
10000 ,5	,1
10000 ,4	,1
10000 ,3	,1
10000 ,2	,1
10000 ,1	,1
11101 ,6	,0
11101 ,5	,0
11101 ,4	,0
11101 ,3	,0
11101 ,2	,0
11101 ,1	,0
12296 ,4	,1
12892 ,2	,1
13488 ,6	,1
13691 ,5	,1
13691 ,4	,1
13691 ,3	,1
13691 ,2	,1
13691 ,1	,1













